[-1043.1405029296875, -158.4800262451172, 102.00001525878906]
[-1044.1160888671875, 15.714727401733398, 102.00001525878906]
[-1044.9471435546875, 164.10330200195312, 102.00001525878906]
[-806.7232055664062, 202.72853088378906, 102.00001525878906]
[-558.6751708984375, 158.55503845214844, 102.00001525878906]
[-482.0075378417969, 59.484989166259766, 102.00001525878906]
[-471.83819580078125, -120.87897491455078, 102.00001525878906]
[-710.1748657226562, -134.3165283203125, 102.00001525878906]
[-864.7730712890625, -143.03285217285156, 102.00001525878906]
[-431.91668701171875, -357.5562744140625, 102.00001525878906]
[-240.46441650390625, -369.50408935546875, 102.00001525878906]
[94.68929290771484, -354.3886413574219, 102.00001525878906]
[181.46737670898438, -512.8323974609375, 102.00001525878906]
[-375.7517395019531, -28.286039352416992, 102.00001525878906]
[-273.84088134765625, 89.00326538085938, 102.00001525878906]
[-124.22173309326172, -18.994619369506836, 102.00001525878906]
[120.93537902832031, -16.22800064086914, 102.00001525878906]
[285.8332214355469, 237.2711944580078, 102.00001525878906]
[449.0826721191406, 64.90363311767578, 102.00001525878906]
[608.991943359375, 230.79359436035156, 102.00001525878906]
[46.41122817993164, 147.01629638671875, 345.0809631347656]
[100.36541748046875, -298.72930908203125, 345.0809631347656]
[-273.4362487792969, -338.18536376953125, 345.0809631347656]
[-550.6488647460938, -336.1248474121094, 345.0809631347656]
