[-480.8990783691406, 854.733154296875, 12.601020812988281]
[-462.8084411621094, 635.2626342773438, 12.601020812988281]
[-463.9607238769531, 435.2641296386719, 12.601020812988281]
[-464.6297912597656, 319.13177490234375, 12.601020812988281]
[-465.8935852050781, 99.77005767822266, 12.600809097290039]
[-336.9314270019531, 104.1222152709961, 12.600809097290039]
[-137.03343200683594, 110.86829376220703, 12.600809097290039]
[-136.2307891845703, 252.8116455078125, 12.600809097290039]
[-135.28221130371094, 420.55352783203125, 12.600809097290039]
[-134.3701171875, 581.8462524414062, 12.600809097290039]
[-133.6039581298828, 717.3344116210938, 12.600809097290039]
[-132.8154296875, 856.7747192382812, 12.600809097290039]
[-1.961092472076416, 109.48399353027344, 12.600809097290039]
[159.0781707763672, 100.39907836914062, 12.600809097290039]
[313.679443359375, 91.6773452758789, 12.600809097290039]
[329.52117919921875, 239.2229461669922, 12.600809097290039]
[308.24969482421875, 403.73260498046875, 12.600809097290039]
[283.3604736328125, 548.9420776367188, 12.600809097290039]
[289.8936767578125, 677.8109130859375, 12.600809097290039]
[296.4268798828125, 806.6798095703125, 12.600809097290039]
[375.4289245605469, 345.3399963378906, 12.600809097290039]
[509.2383117675781, 324.0583190917969, 12.600809097290039]
[521.5357055664062, 389.7219543457031, 12.600809097290039]
[247.68740844726562, -75.26911163330078, 12.600809097290039]
[290.0191345214844, -287.4959716796875, 12.600809097290039]
[292.6573181152344, -442.3150329589844, 12.600809097290039]
[395.57196044921875, -450.42169189453125, 12.600809097290039]
[524.2128295898438, -460.5548400878906, 12.600809097290039]
[560.0570068359375, -488.77850341796875, 12.600809097290039]
[543.57568359375, -568.7054443359375, 12.600809097290039]
[556.530517578125, -677.61669921875, 12.600809097290039]
[568.7237548828125, -780.1243896484375, 12.600809097290039]
[559.8716430664062, -872.0081787109375, 12.600809097290039]
[409.9032287597656, -874.0209350585938, 12.600809097290039]
[248.69424438476562, -868.5856323242188, 12.600809097290039]
[247.05824279785156, -745.0360717773438, 12.600809097290039]
[247.67665100097656, -635.3583984375, 12.600809097290039]
[94.33265686035156, -494.4544372558594, 12.600809097290039]
[-59.88103485107422, -508.3924865722656, 12.600809097290039]
[-98.60152435302734, -548.1541137695312, 12.600809097290039]
[-112.26715850830078, -637.4385375976562, 12.600809097290039]
[-86.69149780273438, -726.2068481445312, 12.600809097290039]
[-102.30937194824219, -828.2462158203125, 12.600809097290039]
[-406.2677307128906, -441.25384521484375, 12.600809097290039]
[-228.11245727539062, -227.02780151367188, 12.600809097290039]
[-435.79901123046875, -483.5443420410156, 12.600809097290039]
[-485.6770935058594, -707.6260375976562, 12.600809097290039]
